name: thesys
channels:
  - pytorch
  - conda-forge
  - defaults
dependencies:
  - _libgcc_mutex=0.1=main
  - _tflow_select=2.3.0=mkl
  - absl-py=0.8.1=py36_0
  - astor=0.8.0=py36_0
  - backports=1.0=py_2
  - backports.weakref=1.0rc1=py36_0
  - blas=2.14=openblas
  - bleach=1.5.0=py36_0
  - boto=2.49.0=py_0
  - boto3=1.12.0=py_0
  - botocore=1.15.0=py_0
  - bz2file=0.98=py_0
  - c-ares=1.15.0=h7b6447c_1001
  - ca-certificates=2019.11.28=hecc5488_0
  - certifi=2019.11.28=py36_0
  - cffi=1.13.2=py36h2e261b9_0
  - chardet=3.0.4=py36_1003
  - cryptography=2.8=py36h72c5cf5_1
  - cudatoolkit=9.0=h13b8566_0
  - cudnn=7.6.5=cuda9.0_0
  - cycler=0.10.0=py36_0
  - dbus=1.13.12=h746ee38_0
  - docutils=0.15.2=py36_0
  - expat=2.2.6=he6710b0_0
  - fontconfig=2.13.0=h9420a91_0
  - freetype=2.9.1=h8a8886c_1
  - gast=0.2.2=py36_0
  - gensim=3.8.1=py36he1b5a44_1
  - glib=2.63.1=h5a9c865_0
  - google-pasta=0.1.8=py_0
  - grpcio=1.16.1=py36hf8bcb03_1
  - gst-plugins-base=1.14.0=hbbd80ab_1
  - gstreamer=1.14.0=hb453b48_1
  - h5py=2.9.0=py36h7918eee_0
  - hdf5=1.10.4=hb1b8bf9_0
  - html5lib=0.9999999=py36_0
  - icu=58.2=h9c2bf20_1
  - idna=2.8=py36_1000
  - intel-openmp=2019.4=243
  - jmespath=0.9.4=py_0
  - jpeg=9b=h024ee3a_2
  - keras=2.2.4=0
  - keras-applications=1.0.8=py_0
  - keras-base=2.2.4=py36_0
  - keras-preprocessing=1.1.0=py_1
  - kiwisolver=1.1.0=py36he6710b0_0
  - ld_impl_linux-64=2.33.1=h53a641e_7
  - libblas=3.8.0=14_openblas
  - libcblas=3.8.0=14_openblas
  - libedit=3.1.20181209=hc058e9b_0
  - libffi=3.2.1=hd88cf55_4
  - libgcc-ng=9.1.0=hdf63c60_0
  - libgfortran-ng=7.3.0=hdf63c60_0
  - liblapack=3.8.0=14_openblas
  - liblapacke=3.8.0=14_openblas
  - libopenblas=0.3.7=h5ec1e0e_6
  - libpng=1.6.37=hbc83047_0
  - libprotobuf=3.11.2=hd408876_0
  - libstdcxx-ng=9.1.0=hdf63c60_0
  - libtiff=4.1.0=h2733197_0
  - libuuid=1.0.3=h1bed415_2
  - libxcb=1.13=h1bed415_1
  - libxml2=2.9.9=hea5a465_1
  - markdown=3.1.1=py36_0
  - matplotlib=3.1.3=py36_0
  - matplotlib-base=3.1.3=py36hef1b27d_0
  - mkl=2018.0.3=1
  - mkl-service=1.1.2=py36h651fb7a_4
  - mkl_fft=1.0.10=py36_0
  - mkl_random=1.0.2=py36_0
  - nccl=1.3.5=cuda9.0_0
  - ncurses=6.1=he6710b0_1
  - ninja=1.9.0=py36hfd86e86_0
  - numpy=1.18.1=py36h95a1406_0
  - numpy-base=1.18.1=py36h2f8d375_1
  - olefile=0.46=py_0
  - openssl=1.1.1d=h516909a_0
  - opt_einsum=3.1.0=py_0
  - pcre=8.43=he6710b0_0
  - pillow=6.2.1=py36h34e0f95_0
  - pip=19.3.1=py36_0
  - protobuf=3.11.2=py36he6710b0_0
  - pycparser=2.19=py_0
  - pyopenssl=19.1.0=py36_0
  - pyparsing=2.4.6=py_0
  - pyqt=5.9.2=py36h05f1152_2
  - pysocks=1.7.1=py36_0
  - python=3.6.10=h0371630_0
  - python-dateutil=2.8.1=py_0
  - pytorch=0.4.0=py36hdf912b8_0
  - pyyaml=5.2=py36h7b6447c_0
  - qt=5.9.7=h5867ecd_1
  - readline=7.0=h7b6447c_5
  - requests=2.22.0=py36_1
  - s3transfer=0.3.3=py36_0
  - scipy=1.4.1=py36h921218d_0
  - setuptools=44.0.0=py36_0
  - sip=4.19.8=py36hf484d3e_0
  - six=1.13.0=py36_0
  - smart_open=1.9.0=py_0
  - sqlite=3.30.1=h7b6447c_0
  - tbb=2019.8=hfd86e86_0
  - tbb4py=2019.8=py36hfd86e86_0
  - tensorboard=1.14.0=py36hf484d3e_0
  - tensorflow=1.2.1=py36_0
  - tensorflow-base=1.15.0=mkl_py36he1670d9_0
  - tensorflow-estimator=1.15.1=pyh2649769_0
  - termcolor=1.1.0=py36_1
  - tk=8.6.8=hbc83047_0
  - torchvision=0.2.1=py_2
  - tornado=6.0.3=py36h7b6447c_3
  - urllib3=1.25.7=py36_0
  - webencodings=0.5.1=py36_1
  - werkzeug=0.16.0=py_0
  - wheel=0.33.6=py36_0
  - wrapt=1.11.2=py36h7b6447c_0
  - xz=5.2.4=h14c3975_4
  - yaml=0.1.7=had09818_2
  - zlib=1.2.11=h7b6447c_3
  - zstd=1.3.7=h0b5b093_0
prefix: /home/gio/.conda/envs/thesys

